Accuracy: 0.9005830903790087
Precision: 0.8989547038327527
Recall: 0.9026239067055394
F1-Score: 0.9007855688100087
Confusion Matrix: [[1548  167]
 [ 174 1541]]
