Accuracy: 0.9032069970845481
Precision: 0.9036777583187391
Recall: 0.9026239067055394
F1-Score: 0.9031505250875146
Confusion Matrix: [[1548  167]
 [ 165 1550]]
